0.0956468 0.106607 0.109823 0.0980069 0.131112 0.109823 0.0824402 0.266541  5
0.0770691 0.0722299 0.090382 0.200022 0.0344692 0.133318 0.22503 0.167479  4
0.27428 0.0581491 0.0849696 0.0603782 0.040423 0.168009 0.141224 0.172567  6
0.0752994 0.228011 0.0797488 0.0474511 0.174766 0.0309469 0.203543 0.160234  3
0.069681 0.253044 0.0684376 0.0630399 0.159027 0.0232869 0.236685 0.126799  3
0.0719651 0.257003 0.071599 0.0457169 0.195792 0.0318901 0.14767 0.178363  3
0.064038 0.253284 0.0589073 0.0547185 0.172081 0.0331747 0.182311 0.181486  3
0.0899889 0.112999 0.0916834 0.0915883 0.137352 0.118214 0.0953466 0.262828  2
0.0777542 0.0747624 0.230572 0.0799737 0.174549 0.0473484 0.10538 0.209662  1
0.0608309 0.277296 0.058105 0.0495066 0.18675 0.0299358 0.177365 0.16021  3
0.090124 0.108961 0.0931647 0.0928438 0.135114 0.120074 0.105417 0.254301  2
0.104738 0.106444 0.109789 0.102636 0.128391 0.11758 0.0905016 0.239921  5
0.164436 0.0543052 0.0873637 0.0558459 0.0654019 0.244802 0.0441853 0.28366  6
0.074259 0.143219 0.0826857 0.126162 0.149562 0.123764 0.0680777 0.23227  2
0.0577408 0.0660568 0.289505 0.058691 0.190553 0.0306255 0.118018 0.18881  1
0.0870076 0.123831 0.0885151 0.133158 0.105756 0.113786 0.129881 0.218064  2
0.0511918 0.062781 0.280324 0.0671888 0.17537 0.0283525 0.147825 0.186966  1
0.104156 0.110293 0.103884 0.106584 0.113944 0.105982 0.111497 0.243659  5
0.0677356 0.24755 0.0660704 0.0550823 0.153505 0.0264055 0.25045 0.1332  3
0.0606018 0.288174 0.0559699 0.0565666 0.174817 0.0244943 0.198446 0.140932  3
0.10786 0.121674 0.109651 0.111385 0.131189 0.105968 0.108576 0.203697  5
0.0823312 0.122422 0.095928 0.0890392 0.137861 0.103765 0.0901598 0.278494  2
0.099218 0.12564 0.0891841 0.125381 0.12196 0.123656 0.0595423 0.255419  5
0.066633 0.225553 0.0685676 0.0623947 0.159601 0.0375679 0.227857 0.151826  3
0.0819115 0.0654089 0.0992018 0.210193 0.0360872 0.139318 0.199696 0.168184  4
0.215332 0.0612854 0.0915399 0.0628666 0.0489747 0.167 0.152275 0.200727  6
0.0619856 0.0676819 0.077947 0.267799 0.0363157 0.156289 0.150725 0.181256  4
0.264421 0.0644074 0.0886577 0.0624283 0.0387224 0.150416 0.166544 0.164403  6
0.0849517 0.112087 0.092812 0.0888398 0.143928 0.11883 0.0716888 0.286862  2
0.0990329 0.136361 0.105922 0.105094 0.114898 0.0933029 0.143747 0.201643  5
0.276745 0.0570809 0.0858321 0.0591192 0.0388126 0.186024 0.135917 0.160469  6
0.272566 0.064986 0.0826733 0.0622904 0.0373729 0.159086 0.170226 0.1508  6
0.23368 0.0642172 0.0975991 0.059315 0.0528565 0.138812 0.146713 0.206807  6
0.0734103 0.068934 0.242441 0.0729213 0.15163 0.0298671 0.182916 0.177881  1
0.0626913 0.275108 0.0681039 0.0577952 0.179093 0.0299487 0.175183 0.152076  3
0.0803173 0.0631765 0.0888992 0.221098 0.0266004 0.118058 0.280832 0.121018  4
0.254237 0.0560498 0.0866061 0.059538 0.0320247 0.15437 0.219389 0.137786  6
0.0715936 0.149149 0.0777808 0.1462 0.132683 0.115815 0.0983622 0.208416  2
0.0789032 0.0740725 0.227871 0.0717445 0.175474 0.0437667 0.107197 0.22097  1
0.0791634 0.14026 0.0867864 0.13385 0.135681 0.0990502 0.0997252 0.225484  2
0.0535864 0.0707282 0.266992 0.0573957 0.201654 0.0361627 0.134308 0.179174  1
0.119525 0.105422 0.0971196 0.0964449 0.116261 0.121549 0.0998183 0.24386  5
0.0612731 0.0643412 0.0780287 0.295702 0.0303834 0.127625 0.214769 0.127878  4
0.0772698 0.135298 0.0798523 0.162121 0.108708 0.122423 0.0860028 0.228325  2
0.0745323 0.0608328 0.23767 0.0625106 0.166844 0.0450573 0.118093 0.23446  1
0.251492 0.0562053 0.094938 0.0591271 0.0433443 0.190342 0.132738 0.171812  6
0.0903411 0.0720638 0.105142 0.157694 0.0361474 0.115608 0.244856 0.178147  4
0.0737376 0.0754627 0.226109 0.0757913 0.18197 0.0450262 0.106655 0.215249  1
0.105527 0.122202 0.0887892 0.116784 0.118901 0.131237 0.0902916 0.226269  5
0.0782549 0.0733693 0.0831462 0.238005 0.0331705 0.138607 0.204948 0.150499  4
0.0871683 0.112433 0.0940334 0.0871442 0.132494 0.116143 0.0868818 0.283702  2
0.247329 0.065845 0.0873546 0.0669286 0.0382189 0.1716 0.15961 0.163114  6
0.0880284 0.0658835 0.0968268 0.194266 0.0287934 0.116144 0.276252 0.133807  4
0.0628597 0.0682404 0.268242 0.0549517 0.212876 0.0359763 0.104375 0.192479  1
0.101975 0.116283 0.0975602 0.102764 0.124507 0.120274 0.101399 0.235237  5
0.0702087 0.0748079 0.267808 0.0702575 0.176469 0.0426427 0.0937906 0.204015  1
0.115791 0.102894 0.104349 0.0894781 0.112011 0.122901 0.0827534 0.269823  5
