0.0235418 0.16968 0.0278326 0.011335 0.374581 0.0345785 0.00346473 0.354986  3
0.00100402 0 0 0.00200803 0.0893574 0.12751 0 0.78012  2
0.348634 0.0214128 0.0208307 0.041218 0.0218702 0.320125 0.022189 0.20372  6
0.342558 0.0289962 0.021465 0.0400374 0.0285906 0.280156 0.0216943 0.236503  6
0.379861 0.0275981 0.0219263 0.0298922 0.0286702 0.249605 0.0142256 0.248222  6
0.282006 0.025344 0.0195259 0.0273132 0.0283234 0.326339 0.011892 0.279257  6
0.0220756 0.0434128 0.268137 0.0280819 0.322026 0.0296081 0.0151831 0.271475  1
0.0158047 0.0234044 0.0154684 0.0540722 0.16827 0.226041 0.00114332 0.495797  2
0.224176 0.0255696 0.0317755 0.03072 0.0440416 0.317227 0.00795297 0.318538  6
0.0616371 0.0146275 0.0233957 0.241572 0.0246008 0.368191 0.0213907 0.244585  4
0.19528 0.0241536 0.0270224 0.0240611 0.0534588 0.254461 0.00384052 0.417722  6
0.135433 0.0754044 0.142967 0.0645796 0.142875 0.137462 0.0129774 0.288302  5
0.0236178 0.151183 0.0332908 0.0194442 0.369292 0.0453697 0.00171855 0.356084  3
0.369611 0.0279283 0.0235828 0.0373517 0.0263903 0.276085 0.0150383 0.224012  6
0.0142588 0.0727048 0.392517 0.0181796 0.331438 0.0133227 0.0264961 0.131083  1
0.0213687 0.0436915 0.0390316 0.0155772 0.246616 0.0642169 0.000355035 0.569143  3
0.0250293 0.03247 0.242285 0.0226059 0.298402 0.0402325 0.00745958 0.331516  1
0.0354413 0.170598 0.0479311 0.168708 0.149641 0.172921 0.0109036 0.243856  2
0.277238 0.0246998 0.028386 0.0433074 0.0270396 0.34785 0.00929278 0.242186  6
0.0289441 0.330464 0.0729092 0.0147093 0.320527 0.020959 0.0301777 0.18131  3
0.0462884 0.0180551 0.0311657 0.250685 0.0317437 0.334186 0.00773792 0.280138  4
0.147217 0.0169873 0.0260538 0.0739343 0.0398017 0.348694 0.00624185 0.34107  6
0.0598655 0.0533632 0.155605 0.0329596 0.238117 0.116816 0.00896861 0.334305  5
0.0228215 0.357962 0.0603827 0.0128554 0.33981 0.0190109 0.0120389 0.175118  3
0.406227 0.0295585 0.0198537 0.0618265 0.0199455 0.275487 0.0270787 0.160023  6
0.0256072 0.00905651 0.0206274 0.406005 0.0193824 0.341877 0.0124008 0.165043  4
0.00588235 0.00235294 0.00235294 0.00352941 0.156471 0.0741176 0 0.755294  5
0.0190491 0.00417169 0.00763973 0.0522216 0.0285485 0.360223 0.000251307 0.527895  4
0.0546682 0.106854 0.0655973 0.143103 0.192122 0.16323 0.0225096 0.251916  2
0.057037 0.0303718 0.0455925 0.0688984 0.0706128 0.261902 0.00183019 0.463755  4
0.398824 0.0205467 0.0196892 0.0324828 0.0242746 0.301796 0.0135462 0.188841  6
0.0267079 0.0192835 0.0242165 0.091584 0.0598435 0.297125 0.000548109 0.480692  4
0.0275017 0.121002 0.0536612 0.0177347 0.352753 0.0404101 0.00442655 0.382511  3
0.00344947 0.0165574 0.0100034 0.00172473 0.243532 0.0503622 0 0.67437  5
0.256582 0.0327097 0.0272556 0.03655 0.0405846 0.274424 0.0111921 0.320702  6
0.0345487 0.278929 0.0435741 0.260549 0.125978 0.103616 0.0169059 0.135899  2
0.0467116 0.0410867 0.236614 0.0391054 0.237017 0.0505902 0.0113337 0.337542  1
0.0109835 0.00887868 0.0161117 0.109797 0.0377727 0.323881 0.000803674 0.491772  4
0.0359514 0.151047 0.0556305 0.182803 0.187773 0.152102 0.0081896 0.226503  2
0.0248154 0.2302 0.0649376 0.0151908 0.379228 0.0297824 0.0104557 0.245391  3
0.0152894 0.0300272 0.47679 0.0296725 0.233952 0.0208654 0.0222248 0.171179  1
0.118819 0.028238 0.0502869 0.0319128 0.130424 0.257785 0.00225646 0.380278  5
0.0203834 0.0942938 0.0283931 0.0101641 0.402088 0.0333646 0.00171242 0.409601  3
0.0395449 0.176949 0.0207088 0.208045 0.128148 0.203235 0.00483594 0.218533  2
0.181559 0.0169623 0.0200435 0.0178056 0.0374274 0.326663 0.00304868 0.396491  6
0.0127613 0.0603105 0.0150593 0.0367192 0.245838 0.196504 0.000440044 0.432368  2
0.0185709 0.0300833 0.464273 0.0375599 0.215793 0.0217384 0.0206612 0.191321  1
0.0175375 0.0292729 0.385596 0.0266177 0.285026 0.0245853 0.0250115 0.206353  1
0.0490586 0.113594 0.0527372 0.136452 0.18998 0.19318 0.0145632 0.250434  2
0.0406419 0.0191408 0.0662815 0.302244 0.0482185 0.189964 0.0272024 0.306307  4
0.15855 0.0168083 0.0284965 0.13084 0.0248133 0.396362 0.0121102 0.23202  4
0.0486408 0.153172 0.0661658 0.155994 0.170362 0.144001 0.0177538 0.243911  2
0.011258 0.00668951 0.00761408 0.119106 0.0290423 0.403546 0.000489476 0.422255  4
0.0591133 0.0557763 0.0322581 0.0193866 0.175751 0.139679 0.00301923 0.515017  5
0.0624853 0.101342 0.0793494 0.142941 0.174553 0.197208 0.00533733 0.236784  2
0.052242 0.369911 0.0556031 0.0224263 0.237116 0.025586 0.0230872 0.214029  3
0.125178 0.0709596 0.1324 0.0383521 0.183445 0.138035 0.00919138 0.30244  5
0.0226861 0.0296622 0.19859 0.023272 0.31138 0.0453722 0.00463243 0.364405  1
0.120422 0.0258577 0.0563452 0.0726885 0.077874 0.173735 0.00307885 0.469999  5
0.0217698 0.133115 0.194322 0.020728 0.40221 0.0194474 0.0122849 0.196124  3
0.0173851 0.0109819 0.0157754 0.125165 0.0406367 0.344339 0.0011447 0.444572  4
0.0184129 0.0282034 0.480842 0.0367336 0.211011 0.0223629 0.0247606 0.177674  1
0.0285298 0.0235808 0.142504 0.0311499 0.182096 0.0979622 0.00378457 0.490393  5
0.0149565 0.0789975 0.00947244 0.0059826 0.322879 0.0428299 0.000634518 0.524248  3
0.0364031 0.0610336 0.150372 0.0285547 0.323537 0.050931 0.0100192 0.33915  5
0.0215385 0.00307692 0.0110769 0.000615385 0.137231 0.162462 0 0.664  5
0.0267271 0.294578 0.032974 0.0159994 0.342313 0.0254092 0.0133372 0.248662  3
0.0222789 0.00641933 0.00925139 0.00519211 0.0667422 0.203059 0 0.687057  6
0.0242496 0.126691 0.0276446 0.0136876 0.372043 0.0375599 0.00247885 0.395646  3
0.0344931 0.0268419 0.242205 0.0316333 0.253142 0.0535835 0.00418935 0.353912  1
0.216747 0.0226205 0.0210019 0.0877713 0.026423 0.381935 0.0129093 0.230592  6
0.0337428 0.0123337 0.0681597 0.429606 0.0301351 0.199149 0.0290365 0.197838  4
0.0381829 0.248578 0.0442471 0.0148385 0.326822 0.0386927 0.00635934 0.28228  3
0.0356127 0.144256 0.0350754 0.119676 0.157685 0.164039 0.0046794 0.338977  2
0.0249077 0.0484912 0.0373052 0.0165676 0.293483 0.0615649 0.00036629 0.517314  3
0.0157013 0.0688929 0.401918 0.0258475 0.288914 0.0140018 0.038543 0.146182  1
0.0275628 0.222587 0.0807814 0.0211101 0.373063 0.0255228 0.0145464 0.234827  3
0.0884244 0.0468208 0.151559 0.0766005 0.124831 0.124039 0.0172685 0.370457  5
0.018018 0.0189663 0.102418 0.0165955 0.234234 0.0715979 0.000474158 0.537696  5
0.0293944 0.291467 0.0363862 0.0136576 0.32027 0.0273559 0.00839839 0.27307  3
0.399787 0.0404103 0.0297978 0.0434256 0.0306255 0.207964 0.0356214 0.212368  6
0.395619 0.0282585 0.0223215 0.0715469 0.0217307 0.263088 0.0301463 0.167289  6
0.00407875 0.0270609 0.00800063 0.00282375 0.352498 0.0385913 0 0.566946  3
0.420539 0.0329358 0.0221403 0.027753 0.0260493 0.231347 0.0215193 0.217717  6
0.0434859 0.020521 0.045672 0.169159 0.0484769 0.317456 0.00312455 0.352105  4
0.0217548 0.0560096 0.0221372 0.130507 0.18042 0.249716 0.00159528 0.337861  2
0.0210506 0.0354164 0.42061 0.0366859 0.238723 0.0256946 0.0224647 0.199354  1
0.049046 0.03284 0.049364 0.113992 0.0790851 0.234161 0.00346135 0.43805  4
0.421078 0.0250773 0.0213981 0.0447825 0.0204501 0.275512 0.0192312 0.172471  6
0.0256538 0.19753 0.0415023 0.2058 0.161789 0.145623 0.0185242 0.203577  2
0.027983 0.172986 0.044357 0.0155461 0.340703 0.049788 0.00371492 0.344922  3
0.0199326 0.116321 0.0351905 0.0160647 0.397181 0.0331736 0.00166105 0.380476  3
0.0335293 0.171777 0.0389192 0.0118998 0.359443 0.0370293 0.0052499 0.342153  3
0.0298991 0.368173 0.056088 0.0139493 0.313958 0.0229699 0.0286442 0.166318  3
0.0316452 0.019563 0.0441791 0.173865 0.04528 0.282633 0.00259711 0.400237  4
0.211656 0.0442541 0.0261998 0.0322249 0.0576059 0.247848 0.00713776 0.373074  6
0.0459356 0.0213494 0.0395885 0.257951 0.0382515 0.304225 0.00644562 0.286253  4
0.0441075 0.13687 0.0541391 0.165335 0.174107 0.141937 0.0206441 0.26286  2
0.375148 0.0223596 0.0187683 0.0361939 0.0247642 0.289707 0.0194866 0.213572  6
0.024098 0.123192 0.0330966 0.0875131 0.246383 0.169841 0.0029959 0.312881  2
0.0737774 0.0513599 0.264552 0.049874 0.192842 0.0762323 0.00833387 0.283029  5
0.274937 0.043613 0.0235877 0.0226602 0.0511383 0.228499 0.00990725 0.345658  6
0.0423256 0.0869153 0.0573277 0.12541 0.18681 0.217108 0.00337124 0.280732  2
0.0358166 0.13838 0.0701809 0.0214115 0.37053 0.0469639 0.00370923 0.313008  3
0.0753751 0.0339367 0.0613241 0.023458 0.265182 0.181829 0.00631103 0.352584  5
0.0223649 0.0105885 0.0352605 0.518956 0.0203505 0.214834 0.0136015 0.164044  4
0.0316889 0.00962458 0.0330911 0.425234 0.0174113 0.291414 0.0223192 0.169216  4
0.381727 0.0260569 0.0225869 0.0290058 0.0267433 0.257989 0.0167527 0.239139  6
0.0135151 0.0602658 0.441475 0.0244423 0.271483 0.0130914 0.0442837 0.131444  1
0.03584 0.0324024 0.280251 0.0380164 0.240628 0.0471289 0.0072819 0.318451  1
0.00901082 0.00457867 0.0110621 0.517335 0.0119595 0.298383 0.00364462 0.144027  4
0.337985 0.0182621 0.0228013 0.0566355 0.0180519 0.348597 0.0170012 0.180666  6
0.0242725 0.0457393 0.272456 0.027524 0.306299 0.0343208 0.0156705 0.273718  1
0.0612198 0.234938 0.111008 0.0380445 0.280327 0.0371069 0.0254832 0.211871  3
0.0170328 0.0287656 0.437256 0.0311931 0.239727 0.0192041 0.0374776 0.189343  1
0.0152045 0.0688674 0.0152045 0.0108139 0.27799 0.0508171 8.13074e-05 0.561021  3
0.0816814 0.0408861 0.0750235 0.0327452 0.15964 0.157764 0.00526587 0.446993  5
0.295008 0.0104503 0.0137261 0.0166328 0.0334502 0.299391 0.00549045 0.325851  6
0.00881113 0.123707 0.00839612 0.0880156 0.172903 0.166007 0.000319244 0.431841  2
0.0184329 0.269679 0.140582 0.0125443 0.367281 0.0168761 0.00934052 0.165264  3
0.0164988 0.0271336 0.475348 0.0615048 0.171191 0.022023 0.037414 0.188887  1
0.0989848 0.0238579 0.127919 0.0309645 0.225888 0.165482 0.00456853 0.322335  5
0.358809 0.0251957 0.0241933 0.0427515 0.0249248 0.297445 0.0121102 0.21457  6
0.037066 0.044987 0.243084 0.0449435 0.221424 0.0445808 0.019904 0.344011  1
0.0527395 0.0490456 0.216204 0.0487716 0.242305 0.0526887 0.0118022 0.326443  1
0.0148578 0.00640029 0.0178294 0.294459 0.0196123 0.386578 0.00109719 0.259166  4
0.0309332 0.00823554 0.0301216 0.498137 0.0180277 0.217357 0.0112291 0.185958  4
0.332988 0.0444674 0.0324152 0.0450088 0.039309 0.24184 0.0174176 0.246553  6
0.0195532 0.0144549 0.0279802 0.144609 0.0430349 0.309342 0.00191933 0.439106  4
0.00250671 0.00107431 0.00143241 0.0890779 0.0165622 0.402149 0 0.487198  4
0.0203115 0.0120284 0.0648383 0.517636 0.0298232 0.165029 0.0131777 0.177156  4
0.0583453 0.2068 0.0932329 0.0353638 0.298948 0.0376343 0.0164913 0.253184  3
0.0295132 0.190908 0.0137285 0.00804354 0.277008 0.0445116 0.00120956 0.435077  3
0.0388428 0.124088 0.0426245 0.153687 0.16385 0.18641 0.011437 0.279061  2
0.0332384 0.140046 0.0313611 0.168792 0.177674 0.179144 0.0107739 0.258971  2
0.0268262 0.0159692 0.0641755 0.132497 0.0704824 0.218791 0.00179193 0.469467  4
0.242387 0.0362181 0.0415361 0.0348746 0.0512203 0.254814 0.00593372 0.333016  6
0.00947384 0.0053928 0.00918233 0.0835155 0.0399359 0.317592 0.000437254 0.53447  4
0.0346076 0.324022 0.0573281 0.0204332 0.319861 0.023585 0.0222432 0.19792  3
0.022724 0.173299 0.146312 0.0185422 0.41036 0.0213787 0.0176184 0.189766  3
0.026255 0.0496818 0.0267264 0.0655668 0.184893 0.201508 0.00127268 0.444096  2
0.0878267 0.0926457 0.143397 0.0386819 0.196492 0.124295 0.0120691 0.304593  5
0.214191 0.0246767 0.0270535 0.0268787 0.039287 0.31108 0.00538273 0.351451  6
0.0231261 0.0330676 0.428802 0.0354751 0.215187 0.0272896 0.0213134 0.215739  1
0.0119957 0.106414 0.0201647 0.0975127 0.23667 0.178201 0.00103141 0.34801  2
0.0162338 0.0269207 0.494566 0.0330404 0.211718 0.0207708 0.023077 0.173673  1
0.0126705 0.0263451 0.512065 0.0412948 0.216833 0.0148062 0.0379638 0.138021  1
0.370847 0.0345441 0.018417 0.0254496 0.0284883 0.256959 0.0134899 0.251804  6
0.0234628 0.0105756 0.0662853 0.261905 0.0533403 0.250867 0.00664586 0.326919  4
0.0400768 0.0168817 0.0640799 0.403028 0.033069 0.200674 0.0320968 0.210094  4
0.0589224 0.134223 0.0576687 0.138296 0.169659 0.176286 0.0226462 0.2423  2
0.116118 0.0402866 0.116812 0.0470232 0.162579 0.13061 0.00638204 0.380189  5
0.0506474 0.0260018 0.166797 0.0444595 0.179279 0.124499 0.0076289 0.400687  5
0.0225825 0.147338 0.0347375 0.0145069 0.374828 0.044395 0.00166507 0.359947  3
0.000793021 0.00138779 0.00297383 0.0428232 0.0226011 0.279937 0 0.649485  4
0.283257 0.0288141 0.0215491 0.0335448 0.0335755 0.284255 0.00984533 0.305159  6
0.110908 0.0432295 0.157586 0.0710643 0.123602 0.151806 0.014188 0.327616  5
0.0148536 0.129905 0.0205489 0.01099 0.404568 0.0334564 0.0017458 0.383933  3
0.00636475 0.0634027 0.00122399 0.000979192 0.328764 0.0269278 0 0.572338  3
0.0396256 0.0118702 0.0576458 0.441079 0.0252712 0.219478 0.0270706 0.17796  4
0.0228392 0.0159193 0.0785056 0.140853 0.0762728 0.193895 0.00310204 0.468613  4
0.0408703 0.112396 0.0436817 0.141624 0.159723 0.182298 0.0102119 0.309195  2
0.0164298 0.0940751 0.0214413 0.0140193 0.297006 0.0470058 0.000697792 0.509325  3
0.0387452 0.24719 0.0441779 0.225489 0.136947 0.107174 0.0232412 0.177035  2
0.0100784 0.0070922 0.0155282 0.0699515 0.045614 0.276222 0.000223964 0.575289  4
0.0431054 0.137236 0.0564967 0.165814 0.164027 0.186022 0.016534 0.230764  2
0.0191372 0.0400384 0.291992 0.0230338 0.325879 0.0264169 0.0155866 0.257916  1
0.0595452 0.147547 0.0489595 0.276301 0.117176 0.164237 0.0146248 0.171609  2
0.0217585 0.0146405 0.0175524 0.137992 0.034943 0.38324 0.00363989 0.386233  4
0.0494152 0.106942 0.0532445 0.156716 0.183565 0.178708 0.0162658 0.255144  2
0.0219577 0.0683925 0.206703 0.0729689 0.206842 0.0673986 0.0158095 0.339928  5
0.309153 0.0279011 0.0195995 0.0247359 0.0325531 0.28765 0.0113316 0.287076  6
0.0321399 0.0147097 0.0658792 0.395918 0.0330832 0.196216 0.0249627 0.237091  4
0.0517718 0.162815 0.0928607 0.0336173 0.31529 0.0453862 0.0122979 0.285961  3
0.232874 0.0263713 0.0243718 0.115554 0.0280645 0.341367 0.019166 0.212231  6
0.0293509 0.202789 0.0288364 0.104099 0.230407 0.151375 0.00487257 0.24827  2
0.0354755 0.0141958 0.0428003 0.220048 0.043504 0.266006 0.00761182 0.370358  4
0.0189422 0.00807868 0.0423253 0.436123 0.0266446 0.252095 0.00832957 0.207461  4
0.0522017 0.0563171 0.26161 0.0484029 0.24374 0.0457754 0.0157333 0.27622  1
0.025742 0.0336615 0.352837 0.0443437 0.246483 0.0341574 0.0213076 0.241468  1
0.0240466 0.186716 0.0119924 0.00689102 0.291788 0.040873 0.000596536 0.437096  3
0.0240298 0.0152207 0.0801172 0.120806 0.0791937 0.221011 0.00184708 0.457775  4
0.244088 0.0289451 0.0295727 0.0331124 0.0391123 0.293167 0.00642667 0.325576  6
0.236072 0.0193496 0.0233536 0.0880152 0.0223571 0.383259 0.0138962 0.213697  6
0.0279282 0.0379096 0.339033 0.0422532 0.224371 0.0345368 0.0229997 0.270968  1
0.0225926 0.0104843 0.0414245 0.430456 0.0331624 0.231652 0.00877493 0.221453  4
0.0129564 0.175226 0.0219081 0.00867687 0.380173 0.0337652 0.00369062 0.363604  3
0.0312159 0.0290363 0.236085 0.0381247 0.231784 0.0559318 0.00792075 0.369901  1
0.394138 0.0227047 0.0191614 0.0255641 0.0268074 0.254507 0.00918444 0.247933  6
0.0168237 0.0589902 0.0191412 0.120942 0.186326 0.245102 0.00190983 0.350765  2
0.0698736 0.0493238 0.0843341 0.0580001 0.205116 0.201266 0.00940616 0.32268  2
0.0469328 0.0232482 0.0663081 0.307234 0.0443363 0.20547 0.0233682 0.283102  4
0.0555732 0.14375 0.0612385 0.191824 0.168907 0.1686 0.0289883 0.181118  2
0.0351243 0.374439 0.0465163 0.0139374 0.304402 0.022759 0.0211869 0.181636  3
0.0867928 0.0838609 0.142967 0.0474112 0.188978 0.131472 0.0168588 0.301659  5
0.0982691 0.0284757 0.0720268 0.0189838 0.19933 0.156896 0.00335008 0.422669  5
0.126934 0.0169093 0.020094 0.0254019 0.0427662 0.324082 0.00121322 0.442599  6
0.0416269 0.0348522 0.248392 0.064397 0.206471 0.0692152 0.00902487 0.326021  5
0.0442013 0.181864 0.0522024 0.0249282 0.247516 0.0555496 0.00765727 0.386081  3
0.201486 0.0255796 0.0274625 0.0257461 0.0475343 0.273972 0.00391956 0.3943  6
0.0317432 0.0322581 0.275372 0.038773 0.243886 0.0491891 0.00657439 0.322204  1
0.0581673 0.157721 0.0746453 0.0442972 0.237543 0.088331 0.00379352 0.335502  3
0.048141 0.0271812 0.155384 0.0661383 0.163531 0.141979 0.0144423 0.383202  5
0.0754462 0.0332789 0.0494509 0.0919252 0.0666695 0.297947 0.00167441 0.383608  4
0.0268117 0.0127064 0.0330678 0.278337 0.0286769 0.31801 0.00621721 0.296173  4
0.0866671 0.0554235 0.0508049 0.120084 0.150037 0.151192 0.00618081 0.37961  5
0.0377349 0.01679 0.0908506 0.365613 0.042716 0.175663 0.0338594 0.236773  4
0.0120511 0.0272317 0.506147 0.0376403 0.227588 0.015803 0.0340958 0.139444  1
0.0438901 0.0139766 0.0527168 0.443466 0.0277707 0.215141 0.0279533 0.175086  4
0.0656321 0.111816 0.0690731 0.11399 0.172526 0.155863 0.0359366 0.275163  2
0.0177711 0.0821835 0.364718 0.0218061 0.320848 0.0169248 0.0237438 0.152005  1
0.0151989 0.00789748 0.0149009 0.0880644 0.0505141 0.301743 0.000596036 0.521085  4
0.0195993 0.0294945 0.454812 0.0278974 0.212485 0.0234359 0.022863 0.209413  1
0.0213575 0.00709977 0.0230063 0.489845 0.017342 0.292526 0.00510174 0.143722  4
0.00928668 0.125523 0.015209 0.174695 0.158221 0.169218 0.000889742 0.346958  2
0.0578999 0.0263003 0.122866 0.0206084 0.334249 0.0912659 0.00215898 0.344652  5
0.0258493 0.270017 0.0461889 0.014755 0.335089 0.0307988 0.0151286 0.262173  3
0.0181625 0.0533421 0.0355068 0.0121083 0.34566 0.0442608 0.00204532 0.488914  3
0.0391909 0.0166626 0.0800418 0.379021 0.0370635 0.186719 0.0314068 0.229894  4
0.267631 0.0213422 0.022433 0.0261797 0.0355703 0.293194 0.00649751 0.327152  6
0.0220758 0.0217423 0.103041 0.0192616 0.272936 0.0606617 0.0010006 0.499281  1
0.0325928 0.15617 0.0108356 0.00837036 0.264125 0.0430558 0.000831303 0.484019  3
0.0478959 0.132288 0.0594295 0.192501 0.150258 0.159347 0.0286866 0.229594  2
0.11764 0.0476331 0.0924046 0.0530264 0.14715 0.16618 0.0106689 0.365297  5
0.206071 0.0766624 0.0341039 0.0444246 0.0935144 0.213421 0.0186419 0.313162  5
0.0411826 0.0134058 0.020341 0.266578 0.0205198 0.404426 0.00904444 0.224502  4
0.0454077 0.156349 0.0725029 0.0326779 0.193969 0.125804 0.00743164 0.365857  5
0.0143666 0.0178977 0.440551 0.122318 0.122469 0.0363099 0.0387514 0.207337  1
0.332308 0.0420683 0.0278025 0.0447232 0.0350266 0.237381 0.0262414 0.25445  6
0.0122554 0.0100604 0.0318273 0.010792 0.214743 0.0887141 0 0.631608  5
0.0219681 0.331376 0.072042 0.0116133 0.366812 0.0174861 0.01126 0.167443  3
0.360273 0.0497986 0.0226448 0.0583555 0.028777 0.26755 0.0345484 0.178053  6
0.0255742 0.0552111 0.334578 0.0300831 0.300855 0.0261378 0.0218167 0.205744  1
0.0372769 0.0141162 0.0648339 0.419448 0.0321521 0.189748 0.0347211 0.207704  4
0.00869652 0.0303878 0.0104958 0.00489804 0.293782 0.0517793 0 0.59996  3
0.0259907 0.0187425 0.0224309 0.0903242 0.0557557 0.322311 0.000386001 0.464059  4
0.355832 0.0268857 0.0209263 0.0411715 0.0267155 0.281611 0.0177592 0.229099  6
0.321693 0.0288098 0.0198364 0.0263012 0.0283236 0.289944 0.0122555 0.272837  6
0.02 0.0205797 0.106609 0.0196522 0.267246 0.0548406 0.000753623 0.510319  1
0.0279056 0.0274544 0.121436 0.0236645 0.259497 0.0580671 0.00139866 0.480577  1
0.319895 0.0258229 0.0284456 0.0422985 0.0284456 0.304058 0.0111967 0.239837  6
0.0603805 0.338018 0.0537574 0.0278113 0.226042 0.0322722 0.0191626 0.242556  3
0.030867 0.218433 0.0136856 0.00869997 0.302096 0.037104 0.0010726 0.388043  3
0.342913 0.0409289 0.0245351 0.0459116 0.0394386 0.225598 0.0336329 0.247042  6
0.0576699 0.0731324 0.196926 0.0607813 0.194286 0.0932776 0.0200509 0.303875  5
0.018072 0.0191505 0.414861 0.09033 0.136916 0.0416574 0.0340779 0.244935  1
0.0351485 0.0782745 0.0331586 0.217195 0.163995 0.214136 0.00412317 0.253969  2
0.0197593 0.138587 0.184427 0.0176452 0.418064 0.0198639 0.0104657 0.191188  3
0.00272342 0.00181561 0.00817026 0.13839 0.0217874 0.308957 0 0.518156  4
0.0822763 0.121316 0.114928 0.0357992 0.213838 0.129988 0.0123754 0.289479  5
0.021966 0.0421228 0.315005 0.0314316 0.280515 0.029926 0.021359 0.257674  1
0.408334 0.0380071 0.0317704 0.0656715 0.0264553 0.206771 0.032321 0.19067  6
0.0218125 0.109885 0.0214964 0.190509 0.16881 0.22221 0.00367968 0.261599  2
0.0184644 0.011594 0.0492099 0.176915 0.0590003 0.320508 0.00257643 0.361731  4
0.0391163 0.113099 0.0435253 0.135743 0.174463 0.189035 0.0101627 0.294855  2
0.361629 0.0291008 0.0227451 0.0232222 0.0351333 0.235577 0.0094643 0.283129  6
0.00610335 0.00393327 0.00379764 0.138614 0.0139699 0.43171 0.00040689 0.401465  4
0.0350889 0.209961 0.0327003 0.0149372 0.309593 0.03593 0.00455853 0.357231  3
0.026596 0.188918 0.0305975 0.271657 0.125758 0.190291 0.00866586 0.157517  2
0.340345 0.0197732 0.0177448 0.0625779 0.0200287 0.343907 0.0159879 0.179636  6
0.0235674 0.0458189 0.297332 0.0290226 0.310372 0.0323484 0.0172269 0.244312  1
0 0.000359324 0.00107797 0.015451 0.0150916 0.363277 0 0.604743  4
0.0517341 0.112155 0.057525 0.155162 0.180383 0.175665 0.0238807 0.243496  2
0.0171533 0.0710279 0.337488 0.0192721 0.355607 0.0190073 0.0178388 0.162606  1
0.031982 0.0302917 0.220494 0.0329245 0.245729 0.0571877 0.00782348 0.373568  1
0.0219964 0.00951904 0.0220441 0.371696 0.0230938 0.34061 0.0075866 0.203455  4
0.0218022 0.0102737 0.0545055 0.175751 0.0643087 0.309701 0.00274488 0.360913  4
0.422858 0.0259746 0.019962 0.0412468 0.0208278 0.275764 0.0184228 0.174944  6
0.0258311 0.0410122 0.403454 0.0498957 0.181253 0.0315272 0.0367113 0.230316  1
0.0310944 0.00994382 0.039935 0.434088 0.0192054 0.277512 0.0242861 0.163935  4
0.0118343 0.0455621 0.0115385 0.0081854 0.266667 0.0491124 0 0.607101  3
0.0324627 0.142631 0.0459372 0.128175 0.163594 0.181334 0.00827497 0.297591  2
0.0554605 0.219103 0.0269771 0.0160048 0.242537 0.0573434 0.00361178 0.378963  3
0.0374091 0.293415 0.0571463 0.224631 0.13286 0.0879857 0.0198852 0.146669  2
0.0462495 0.016626 0.0728278 0.371151 0.0352005 0.202009 0.033112 0.222824  4
0.0232537 0.0421485 0.246821 0.0213624 0.335477 0.03552 0.00918621 0.286231  1
0.0298555 0.00845865 0.0251929 0.445672 0.0132677 0.316351 0.0163436 0.144859  4
0.0696329 0.0538789 0.231726 0.0645094 0.18658 0.0648621 0.0101742 0.318637  1
0.0644483 0.012843 0.0150029 0.0176299 0.0508465 0.299942 0.00040864 0.538879  6
0.0604065 0.127505 0.0636376 0.12683 0.156585 0.152714 0.0359007 0.276421  2
0.014953 0.025958 0.463321 0.0288203 0.240654 0.0217879 0.0189997 0.185506  1
0.0375751 0.177833 0.0473668 0.191063 0.158154 0.139153 0.0181362 0.23072  2
0.196752 0.0146772 0.0151161 0.0196996 0.0433002 0.334114 0.00321826 0.373123  6
0.329477 0.0478131 0.0311925 0.0428499 0.0370322 0.228033 0.02429 0.259313  6
0.0156654 0.0113745 0.0582346 0.286201 0.0568043 0.265904 0.00626618 0.29955  4
0.0122503 0.0491896 0.0175902 0.00939188 0.367383 0.0450748 0.000282699 0.498838  3
0.291029 0.0298901 0.022761 0.0213872 0.0442039 0.248014 0.00512402 0.337591  6
0.049049 0.125639 0.0517247 0.117748 0.207444 0.193776 0.0135263 0.241092  2
0.0068515 0.00265562 0.00488634 0.0962396 0.0201827 0.383047 0.000106225 0.486031  4
0.0221605 0.144594 0.0556406 0.0168956 0.382664 0.0375245 0.00445125 0.336069  3
0.0184912 0.0334526 0.187577 0.106623 0.195596 0.0768404 0.00939757 0.372022  5
0.0134883 0.240747 0.0456585 0.00821904 0.402405 0.0226654 0.00683239 0.259984  3
0.0100397 0.0455038 0.0187071 0.00693391 0.399386 0.0329722 0.000252799 0.486204  3
0.0628157 0.123289 0.0707407 0.120895 0.161491 0.14709 0.0387653 0.274913  2
0.0243089 0.124552 0.0206158 0.0769003 0.223891 0.197635 0.00229065 0.329806  2
0.136727 0.0584749 0.130684 0.0622517 0.12629 0.142414 0.0223266 0.320831  5
0.0678372 0.0129956 0.0182228 0.0130534 0.0681838 0.239986 0.000173275 0.579548  6
0.00714286 0.00260771 0.0053288 0.0887755 0.0174603 0.393537 0.000226757 0.484921  4
0.0241612 0.0109343 0.0230149 0.454345 0.0190468 0.293594 0.0130065 0.161898  4
0.0313124 0.0378893 0.295101 0.0424252 0.250408 0.0407923 0.023163 0.278908  1
0.0169896 0.01053 0.014335 0.193301 0.028847 0.382754 0.0029201 0.350323  4
0.065121 0.0294158 0.064352 0.10126 0.088208 0.174366 0.00254333 0.474734  5
0.0378757 0.205552 0.0476691 0.297417 0.121811 0.13151 0.0223033 0.135861  2
0.0229183 0.0392422 0.367963 0.0339315 0.256966 0.0244183 0.0352963 0.219264  1
0.0331193 0.0293141 0.27043 0.0369244 0.250015 0.0461656 0.00519439 0.328837  1
0.0243745 0.0172787 0.020458 0.0743676 0.0589319 0.309404 0.000414689 0.49477  4
0.00946348 0.0436541 0.0121346 0.00587652 0.317103 0.04747 0 0.564298  3
0.0176183 0.00471541 0.0214695 0.606878 0.0100525 0.224854 0.00777815 0.106635  4
0.0224101 0.0390311 0.295536 0.0485984 0.256414 0.0377209 0.0189366 0.281353  1
0.0205756 0.0314363 0.459389 0.0436089 0.204411 0.0228673 0.0220536 0.195659  1
0.0361867 0.0151677 0.0506119 0.259039 0.0422657 0.24302 0.00855412 0.345155  4
0.132827 0.0230836 0.0228191 0.0186352 0.0629989 0.249639 0.000456863 0.48954  6
0.0289988 0.13583 0.0310232 0.167138 0.187231 0.184943 0.00881716 0.256019  2
0.171358 0.0172036 0.0205524 0.0157591 0.0465111 0.277644 0.00223253 0.448739  6
0.0212141 0.0317878 0.410542 0.0346341 0.242026 0.0207485 0.0377597 0.201287  1
0.0546305 0.249206 0.0557166 0.0284943 0.242312 0.0481196 0.0126441 0.308878  3
0.348273 0.0278659 0.0223844 0.0407807 0.0268307 0.29025 0.0174798 0.226135  6
0.169391 0.0404388 0.00806625 0.0155948 0.0922779 0.236395 0.0058077 0.432028  5
0.0338425 0.339406 0.0131445 0.0073313 0.255262 0.0284551 0.00496158 0.317597  3
0.0477536 0.21966 0.0495844 0.258137 0.157065 0.137208 0.0131307 0.117462  2
0.40737 0.0822053 0.0353011 0.047748 0.0390985 0.132274 0.0514398 0.204564  6
0.0607359 0.0947585 0.0795714 0.181264 0.150084 0.174711 0.0212532 0.237621  2
0.0152182 0.0813586 0.0212385 0.16541 0.189006 0.201766 0.00200679 0.323996  2
0.0254937 0.380121 0.0773614 0.015951 0.277528 0.0257408 0.0258489 0.171955  3
0.0227292 0.105553 0.020749 0.00990099 0.315368 0.0436505 0.00172191 0.480327  3
0.130601 0.0393441 0.159855 0.0442541 0.155612 0.13076 0.0129028 0.32667  5
0.0616091 0.0423808 0.19585 0.0497097 0.194811 0.074478 0.00582851 0.375333  1
0.128944 0.0447072 0.109844 0.031414 0.155041 0.145736 0.00559715 0.378717  5
0.0388017 0.0171011 0.0679915 0.360184 0.0394622 0.202689 0.028034 0.245737  4
0.02619 0.0442753 0.387595 0.0537004 0.212589 0.0277927 0.03475 0.213108  1
0.0400052 0.284877 0.0596474 0.0222884 0.320149 0.0285813 0.0171896 0.227262  3
0 0.0017094 0 0 0.112821 0.0136752 0 0.871795  3
0.0782522 0.164515 0.0571802 0.174814 0.139887 0.170077 0.0113726 0.203901  2
0.0438484 0.133668 0.0457679 0.148743 0.159373 0.203309 0.011452 0.253838  2
0.348187 0.0417154 0.0243474 0.0475854 0.0302376 0.257595 0.0354823 0.214851  6
0.0457242 0.244612 0.0367976 0.0167758 0.291041 0.0362388 0.0112681 0.317542  3
0.382841 0.066652 0.0361184 0.058287 0.0362404 0.179763 0.0440689 0.19603  6
0.0704466 0.273462 0.0671543 0.0408024 0.224909 0.0469422 0.0116121 0.264671  3
0.0404363 0.0836195 0.143446 0.0292062 0.246576 0.099899 0.0088063 0.348011  5
0.0411156 0.00945659 0.0334864 0.427282 0.0198269 0.247082 0.010987 0.210763  4
0.0159119 0.0716034 0.0135659 0.0106079 0.283048 0.0532436 0.000305998 0.551714  3
0.0300002 0.00726495 0.0242367 0.543916 0.0151669 0.210653 0.010905 0.157857  4
0.0916267 0.0484173 0.116364 0.050533 0.211083 0.183823 0.0105786 0.287574  5
0.018287 0.0406472 0.204921 0.0198039 0.358128 0.0317706 0.00764066 0.318801  1
0.0396567 0.132864 0.0549949 0.0322034 0.236646 0.092311 0.00209156 0.409233  3
0.0390648 0.129859 0.0367528 0.249444 0.112286 0.210424 0.0201156 0.202054  2
0.00663238 0.0395236 0.00649702 0.00609096 0.300893 0.0361397 0 0.604223  3
0.0262834 0.107683 0.0232068 0.0104606 0.328411 0.040436 0.0021097 0.46141  3
0.130945 0.0630938 0.156867 0.108459 0.111773 0.131264 0.0203039 0.277294  5
0.0148397 0.00471756 0.0199847 0.639496 0.0103511 0.205511 0.00874809 0.0963511  4
0.00536232 0.00449275 0.0215942 0.0981159 0.0614493 0.294783 0.000144928 0.514058  4
0.0184243 0.05889 0.0317622 0.0119815 0.340228 0.0447609 0.00316491 0.490788  3
0.111943 0.210423 0.0285178 0.0170256 0.204638 0.0658007 0.00553331 0.356118  3
0.0079255 0.00434401 0.0228292 0.49182 0.0179075 0.270599 0.00291141 0.181663  4
0.105451 0.0790071 0.0650723 0.0854236 0.150625 0.139931 0.007972 0.366518  5
0.0240514 0.0123176 0.0186223 0.228371 0.0238179 0.368827 0.00414478 0.319848  4
0.235145 0.020815 0.02353 0.0455345 0.0289859 0.373584 0.00819672 0.264209  6
0.192167 0.0141281 0.0155881 0.0262808 0.0279126 0.37536 0.00442307 0.34414  6
0.030199 0.268698 0.0360832 0.215167 0.139479 0.120261 0.0140053 0.176107  2
0.325909 0.0457147 0.0302272 0.0345732 0.0413795 0.209661 0.0288724 0.283663  6
0.307397 0.0312768 0.0243778 0.0227573 0.040676 0.239889 0.00652853 0.327098  6
0.0379208 0.0333455 0.170588 0.0346005 0.244062 0.0695824 0.00274834 0.407152  1
0.00322141 0.00161071 0.00185851 0.0713666 0.0183373 0.389047 0 0.514558  4
0.0383778 0.0395279 0.355416 0.0443405 0.21526 0.0345143 0.0434807 0.229083  1
0.0458925 0.140509 0.0461687 0.202311 0.130041 0.137919 0.0199297 0.277229  2
0.0485637 0.0342595 0.0496992 0.108991 0.0819619 0.215568 0.0031062 0.457851  4
0.120413 0.0675623 0.2003 0.0354744 0.205629 0.150225 0.0124355 0.207961  5
0.0555904 0.0367957 0.189436 0.0429492 0.198889 0.0746078 0.00304891 0.398683  1
0.0342273 0.141069 0.0580992 0.169737 0.173965 0.15712 0.014192 0.25159  2
0.0636074 0.0497436 0.214929 0.0534928 0.192995 0.0652192 0.0103598 0.349654  1
0.0154329 0.0115857 0.0177324 0.0641196 0.0497037 0.297603 0.000486424 0.543336  4
0.0490161 0.329289 0.0650156 0.0201324 0.263084 0.0296038 0.034723 0.209136  3
0.191112 0.0160292 0.0183716 0.0230566 0.0320249 0.359435 0.00378141 0.356189  6
0.0171578 0.0126292 0.0244929 0.150402 0.0402475 0.297806 0.00216864 0.455096  4
0.277352 0.0184171 0.0203237 0.0550079 0.0203237 0.358687 0.0139954 0.235893  6
0.00443286 0.00391134 0.0195567 0.334133 0.019661 0.333351 0.000625815 0.284329  4
0.0277899 0.0411121 0.396138 0.0460934 0.216836 0.0233878 0.0319732 0.216669  1
0.0977994 0.175057 0.0690552 0.0436489 0.194027 0.121217 0.0168843 0.282311  5
0.0166785 0.057876 0.292754 0.0189119 0.364956 0.0197196 0.0174388 0.211665  1
0.0510154 0.0257553 0.125805 0.0267459 0.245666 0.131253 0.00297177 0.390788  5
0.0426476 0.0499198 0.351977 0.0475228 0.210201 0.0353653 0.023868 0.238498  1
0.0221099 0.0304798 0.418546 0.0314908 0.223784 0.0282423 0.021248 0.224099  1
0.00765034 0.00275914 0.00783847 0.136891 0.0228883 0.442089 0.000313539 0.37957  4
0.0339445 0.197917 0.0390081 0.175056 0.174308 0.168878 0.0169369 0.193951  2
0.0215077 0.020095 0.117014 0.0493484 0.189161 0.11129 0.0016076 0.489977  5
0.0238575 0.0211597 0.198726 0.0175193 0.341286 0.0443347 0.00165767 0.351459  1
0.00165477 0.00144793 0.00610198 0.0999069 0.0216155 0.316268 0.000413693 0.552591  4
0.327237 0.0269693 0.0218518 0.0268829 0.0256953 0.295301 0.00975989 0.266302  6
0.0373589 0.0326734 0.237191 0.0392904 0.246616 0.0489654 0.00913855 0.348767  1
0.0374059 0.281051 0.0484787 0.245557 0.12536 0.103516 0.0201867 0.138445  2
0.0250891 0.0285598 0.358816 0.0333967 0.239703 0.034209 0.0103199 0.269906  1
0.00459632 0.00439648 0.00559552 0.0261791 0.0429656 0.220823 0 0.695444  4
0.0372184 0.0274568 0.0355283 0.0342865 0.248939 0.244041 0.00141423 0.371115  2
0.200309 0.0560614 0.0345683 0.0430243 0.105728 0.204394 0.0162248 0.33969  5
0.421125 0.0230378 0.0185728 0.0225945 0.0279621 0.23326 0.0126985 0.240749  6
0.0197664 0.0323727 0.388312 0.0261767 0.253357 0.0242304 0.018463 0.237322  1
0.0408143 0.204558 0.0710245 0.0223029 0.339247 0.0428012 0.00865757 0.270595  3
0.019811 0.137318 0.12602 0.0161118 0.450238 0.0228417 0.0066631 0.220997  3
0.019725 0.128922 0.0292378 0.167233 0.187218 0.181062 0.00523602 0.281366  2
0.417712 0.0261766 0.0181446 0.0265314 0.0271765 0.243541 0.013048 0.22767  6
0.0191727 0.0237248 0.462831 0.0600898 0.165327 0.0277066 0.0405334 0.200614  1
0.429209 0.0245283 0.0191166 0.0268831 0.0233289 0.242153 0.0142021 0.220579  6
0.0409435 0.0970178 0.185371 0.214805 0.148385 0.0723689 0.019088 0.222021  5
0.228396 0.017303 0.0212302 0.0974574 0.0254594 0.397667 0.0089452 0.203541  6
0.0715275 0.0455295 0.0969977 0.0421643 0.203563 0.171627 0.00277136 0.36582  5
0.0141155 0.314857 0.128006 0.0106158 0.361437 0.0152154 0.0101158 0.145638  3
0.0185024 0.0137276 0.0236028 0.200081 0.0369506 0.318584 0.00130222 0.387249  4
0.0105869 0.00515737 0.0246838 0.639958 0.0113032 0.191095 0.0143117 0.102904  4
0.023685 0.0362905 0.411026 0.0551102 0.207106 0.0271902 0.033305 0.206287  1
0.038955 0.147801 0.0930421 0.138966 0.229538 0.17575 0.00994306 0.166005  2
0.0124487 0.0300277 0.540165 0.0445285 0.174888 0.017715 0.0358997 0.144328  1
0.0377832 0.148689 0.0511655 0.221892 0.147131 0.137351 0.0200201 0.235967  2
0.0354901 0.0289492 0.373995 0.0327175 0.21647 0.0374562 0.0352507 0.239672  1
0.0222317 0.00756405 0.0164107 0.355379 0.0182195 0.361496 0.00664321 0.212056  4
0.0741482 0.101577 0.0692533 0.153617 0.203581 0.204322 0.0179905 0.17551  2
0.256389 0.0229868 0.0243061 0.0252195 0.0400196 0.279579 0.00693493 0.344565  6
0.378924 0.0424303 0.0212063 0.0519476 0.0263093 0.272928 0.0346258 0.171628  6
0.0190716 0.0209915 0.440498 0.0613974 0.157275 0.0370755 0.0320309 0.231661  1
0.0220919 0.0132396 0.0286147 0.125175 0.0422814 0.313752 0.00190247 0.452943  4
0.0248774 0.00962562 0.0289013 0.363731 0.0180404 0.345177 0.0110199 0.198628  4
0.0856345 0.0383233 0.139754 0.0528188 0.159489 0.140098 0.00600474 0.377878  5
0.0523153 0.0555142 0.272713 0.0493196 0.233143 0.041788 0.0226119 0.272595  1
0.367364 0.0409439 0.0264323 0.0498966 0.0308843 0.225836 0.0323927 0.22625  6
0.031898 0.0414142 0.233503 0.0372423 0.29532 0.0358872 0.0180426 0.306693  1
0.357383 0.052194 0.0270761 0.0530485 0.032826 0.252497 0.0340187 0.190957  6
0.0571126 0.128698 0.0699986 0.151324 0.178145 0.140513 0.0227842 0.251425  2
0.0655219 0.110826 0.0683674 0.128683 0.172542 0.181177 0.020805 0.252077  2
0.0208077 0.117431 0.156994 0.016446 0.445248 0.0220135 0.00726088 0.213798  3
0.0387798 0.0325702 0.143378 0.0341226 0.230463 0.0783885 0.0021402 0.440157  1
0.0651721 0.0586111 0.210672 0.0577668 0.22884 0.0544202 0.0117588 0.312759  1
0.0144515 0.0324822 0.484073 0.0394459 0.210618 0.0169225 0.0388768 0.16313  1
0.0356977 0.0336571 0.0733068 0.0244614 0.250271 0.0742109 0.000516609 0.507878  1
0.0425563 0.13504 0.0389744 0.146724 0.194703 0.21725 0.0110545 0.213697  2
0.185171 0.0184387 0.022069 0.0366685 0.0421531 0.355037 0.0044138 0.33605  6
0.0396493 0.14758 0.0865733 0.146179 0.207692 0.18348 0.0136089 0.175238  2
0.00265937 0.00189955 0.00334321 0.0711192 0.0209711 0.391156 0 0.508852  4
0.0370364 0.0136246 0.040883 0.23171 0.0400435 0.268562 0.00854188 0.359599  4
0.0398165 0.122466 0.046983 0.148006 0.163616 0.177568 0.0124129 0.289132  2
0.309866 0.0376051 0.0306592 0.0386964 0.0383719 0.261112 0.0147028 0.268987  6
0.0678647 0.0561369 0.135477 0.0431453 0.18853 0.105121 0.0104893 0.393236  5
0.0182706 0.0264221 0.190155 0.0862584 0.202804 0.082534 0.00277573 0.39078  5
0.023994 0.183647 0.0283881 0.204526 0.185807 0.201852 0.00476106 0.167025  2
0.0414365 0.00276243 0.00414365 0.00552486 0.0745856 0.256906 0 0.614641  5
0.0444185 0.18558 0.0371983 0.0946347 0.167183 0.151551 0.00855589 0.310879  2
0.0207515 0.352958 0.0697485 0.0110783 0.359841 0.0171877 0.0124835 0.155952  3
0.0488594 0.16654 0.0686882 0.0383391 0.24985 0.073096 0.006179 0.348448  3
0.235052 0.0196843 0.0206347 0.0276418 0.0362758 0.311501 0.00509021 0.344121  6
0.161786 0.0183171 0.0279073 0.137904 0.0254769 0.378006 0.0143196 0.236283  4
0.0158288 0.00278746 0.00676954 0.00288701 0.0511697 0.191439 0 0.729119  6
0.0189207 0.0144539 0.0222192 0.186366 0.0424455 0.308365 0.00162635 0.405603  4
0.0551191 0.0321 0.238554 0.0582446 0.188588 0.108929 0.00785606 0.31061  5
0.0293347 0.0284147 0.226675 0.0362257 0.243061 0.0559615 0.00812345 0.372203  1
0.0184361 0.0292539 0.441382 0.0282382 0.233557 0.0264944 0.0199089 0.202729  1
0.0118008 0.0253414 0.496734 0.0367811 0.225217 0.01487 0.0373556 0.151901  1
0.162077 0.00924741 0.0125501 0.019981 0.0308797 0.394708 0.0019403 0.368617  6
0.0412393 0.120921 0.0477855 0.14077 0.175196 0.187914 0.0117624 0.274412  2
0.0754949 0.19681 0.0832857 0.0366607 0.210621 0.0946756 0.0303165 0.272136  5
0.136922 0.116117 0.027061 0.020206 0.198677 0.121954 0.0064659 0.372598  5
0.0576006 0.357843 0.0631407 0.0267906 0.237395 0.0290901 0.0198047 0.208336  3
0.0312873 0.0410795 0.159422 0.0332378 0.252567 0.0757503 0.00155242 0.405103  5
0.0153137 0.0351096 0.175174 0.0118277 0.340388 0.0618775 0.00336155 0.356947  5
0.015999 0.0592032 0.396103 0.0247332 0.300163 0.0166033 0.0230715 0.164124  1
0.0828237 0.0489836 0.129594 0.0363446 0.163551 0.11678 0.00739705 0.414526  5
0.00428449 0.00728363 0.0218509 0.00385604 0.311911 0.0621251 0 0.588689  5
0.198167 0.0292198 0.0282956 0.0248348 0.0495517 0.269191 0.00440459 0.396335  6
0.0336741 0.138624 0.0316006 0.16794 0.178687 0.172915 0.0113218 0.265238  2
0.0202862 0.240069 0.0224422 0.0131974 0.3366 0.0326669 0.00561871 0.329119  3
0.0280286 0.124185 0.0350554 0.015192 0.359543 0.0383332 0.0038078 0.395855  3
0.0264864 0.0397416 0.0313306 0.0507796 0.244885 0.222785 0.00156653 0.382426  2
0.0775308 0.0407321 0.0573225 0.141435 0.061797 0.273618 0.00555643 0.342008  4
0.0480792 0.109159 0.0490926 0.15101 0.215105 0.233445 0.00908939 0.185019  2
0.0196401 0.0149519 0.0376014 0.073904 0.0862266 0.177743 0.000791941 0.589141  4
0.0362341 0.159886 0.0386469 0.159601 0.169693 0.185157 0.0101888 0.240593  2
0.0527744 0.160485 0.102967 0.0366856 0.307455 0.0476712 0.0125874 0.279374  3
0.00543278 0.00492634 0.0165285 0.304972 0.0211326 0.308978 0.00142726 0.336602  4
0.0569639 0.0274611 0.0473866 0.298278 0.0370821 0.252618 0.0194874 0.260723  4
0.0579356 0.095994 0.175401 0.198976 0.136291 0.104712 0.0150605 0.21563  5
0.0196936 0.199011 0.0417172 0.0136929 0.368656 0.0320779 0.00730929 0.317842  3
0.0212321 0.0286713 0.264739 0.0297038 0.287348 0.038599 0.010113 0.319593  1
0.0404911 0.0475103 0.318465 0.0432299 0.242671 0.033348 0.0183462 0.255939  1
0.0202588 0.122128 0.0335545 0.0152969 0.399693 0.0365152 0.0013981 0.371155  3
0.376155 0.0251137 0.021133 0.0331397 0.0233823 0.268564 0.0146119 0.2379  6
0.0186894 0.0813567 0.0121827 0.00909091 0.321043 0.0456853 0.000230734 0.511721  3
0.0619911 0.0265174 0.048057 0.202415 0.0507494 0.269004 0.0101962 0.33107  4
0.01609 0.0742795 0.0348356 0.0121065 0.364993 0.0367101 0.00437397 0.456612  3
0.351092 0.0288027 0.0186998 0.0385919 0.0224398 0.303652 0.0225653 0.214157  6
0.00371496 0.0189125 0.0233029 0.0057413 0.305302 0.0543735 0 0.588652  5
0.0206548 0.0381241 0.287751 0.0222222 0.32135 0.029933 0.0102642 0.2697  1
0.021369 0.238339 0.0566174 0.013595 0.370478 0.0301858 0.00872203 0.260694  3
0.0472854 0.165764 0.0621688 0.119728 0.183843 0.133779 0.0212016 0.26623  2
0.256792 0.0286669 0.0260632 0.0356889 0.0325066 0.320806 0.00817926 0.291297  6
0.0634874 0.0292569 0.0874781 0.0207724 0.177589 0.136337 0.00204798 0.483031  5
0.0257565 0.0468243 0.211794 0.0251162 0.386864 0.0284209 0.0112362 0.263988  1
0.0361925 0.281327 0.0588155 0.0224759 0.34176 0.0279584 0.0173611 0.214109  3
0.0425324 0.0424312 0.107967 0.0515043 0.20396 0.103312 0.0102536 0.43804  5
0.0881748 0.0776177 0.0657327 0.0928889 0.169843 0.143616 0.00723724 0.35489  5
0.018817 0.0280503 0.298427 0.030363 0.318803 0.0291366 0.0249492 0.251454  1
0.015643 0.060702 0.368905 0.0166499 0.333915 0.014708 0.019329 0.170149  1
0.0947946 0.0292468 0.117095 0.0420643 0.165537 0.125855 0.00476432 0.420643  5
0.0543778 0.103373 0.0683764 0.153033 0.186823 0.16734 0.0247051 0.241972  2
0.0343316 0.0140327 0.0579842 0.412097 0.0335373 0.246205 0.0300071 0.171805  4
0.0603244 0.0228494 0.0477249 0.224807 0.0476738 0.280577 0.00703188 0.309011  4
0.322713 0.0200542 0.0198777 0.0367073 0.0223805 0.318397 0.0156423 0.244228  6
0.0568013 0.0182546 0.0559769 0.37694 0.0324815 0.228607 0.0321517 0.198787  4
0.0273751 0.0323627 0.317897 0.0354779 0.270604 0.0339284 0.0121703 0.270184  1
